accuracy: 9
address: "Chater Road, Central, Hong Kong"
google_v3: 
  latitude: 22.2819444
  longitude: 114.1580556
latitude: 22.2803808
longitude: 114.1613064
name: Chater Garden
