accuracy: 9
address: "19 Cotton Tree Drive, Central, Hong Kong"
google_v3: 
  latitude: 22.2771398
  longitude: 114.1613993
latitude: 22.2771398
longitude: 114.1613993
name: Hong Kong Park
