accuracy: 9
address: "6 Wylie Road, Kowloon"
google_v3: 
  latitude: 22.3185673
  longitude: 114.1796057
latitude: 22.3069881
longitude: 114.1772835
name: "King's Park Hockey Ground"
