accuracy: 9
address: "22 Austin Road, Tsim Sha Tsui, Kowloon"
google_v3: 
  latitude: 22.3012562
  longitude: 114.1699453
latitude: 22.3012562
longitude: 114.1699453
name: Kowloon Park
