accuracy: 9
address: "1 Lai Wan Road, Lai Chi Kok, Kowloon"
google_v3: 
  latitude: 22.3333333
  longitude: 114.1333333
latitude: 22.3344863
longitude: 114.1383616
name: Lai Chi Kok Park
