accuracy: 9
address: "59 Wing Shun Street, Tsuen Wan, New Territories"
google_v3: 
  latitude: 22.3686111
  longitude: 114.1130556
latitude: 22.3671912
longitude: 114.1123499
name: Tsuen Wan Park
