accuracy: 9
address: "G/F, 12 Harbour Road, Wan Chai, Hong Kong"
google_v3: 
  latitude: 22.2801741
  longitude: 114.1725746
latitude: 22.2801741
longitude: 114.1725746
name: Wanchai Tower
